Min: 0
Max: 840
Mean: 4.91407324903
Std: 13.5741061944
Med: 1.0
